21 0 0.136000
21 9 0.180000
21 14 0.149000
21 15 0.065000
21 1 0.081000
21 3 0.109000
21 17 0.142000
21 19 0.146000
21 2 0.092000
21 4 0.124000
0 21 0.064000
0 9 0.080000
0 14 0.157000
0 15 0.115000
0 1 0.163000
0 3 0.137000
0 17 0.112000
0 19 0.109000
0 2 0.063000
0 4 0.154000
9 21 0.176000
9 0 0.160000
9 14 0.085000
9 15 0.092000
9 1 0.112000
9 3 0.173000
9 17 0.067000
9 19 0.083000
9 2 0.116000
9 4 0.124000
14 21 0.134000
14 0 0.149000
14 9 0.166000
14 15 0.153000
14 1 0.064000
14 3 0.107000
14 17 0.159000
14 19 0.124000
14 2 0.179000
14 4 0.127000
15 21 0.125000
15 0 0.069000
15 9 0.138000
15 14 0.112000
15 1 0.172000
15 3 0.150000
15 17 0.159000
15 19 0.171000
15 2 0.099000
15 4 0.122000
1 21 0.119000
1 0 0.190000
1 9 0.194000
1 14 0.077000
1 15 0.163000
1 3 0.187000
1 17 0.172000
1 19 0.139000
1 2 0.083000
1 4 0.083000
3 21 0.067000
3 0 0.131000
3 9 0.081000
3 14 0.181000
3 15 0.086000
3 1 0.068000
3 17 0.140000
3 19 0.050000
3 2 0.109000
3 4 0.180000
17 21 0.124000
17 0 0.132000
17 9 0.174000
17 14 0.122000
17 15 0.144000
17 1 0.177000
17 3 0.070000
17 19 0.123000
17 2 0.074000
17 4 0.171000
19 21 0.069000
19 0 0.123000
19 9 0.138000
19 14 0.120000
19 15 0.093000
19 1 0.153000
19 3 0.074000
19 17 0.162000
19 2 0.083000
19 4 0.161000
2 21 0.066000
2 0 0.187000
2 9 0.165000
2 14 0.119000
2 15 0.196000
2 1 0.059000
2 3 0.116000
2 17 0.093000
2 19 0.188000
2 4 0.180000
4 21 0.183000
4 0 0.197000
4 9 0.141000
4 14 0.084000
4 15 0.119000
4 1 0.168000
4 3 0.085000
4 17 0.128000
4 19 0.168000
4 2 0.086000
