3 9 2877
3 16 2508
3 4 0
3 11 0
3 5 500
3 6 0
3 14 1323
3 17 2395
3 19 85
3 0 1000
9 3 3639
9 16 420
9 4 2000
9 11 1762
9 5 3500
9 6 3868
9 14 3073
9 17 742
9 19 5935
9 0 4859
16 3 4307
16 9 2379
16 4 738
16 11 879
16 5 359
16 6 2801
16 14 3386
16 17 0
16 19 48
16 0 2471
4 3 412
4 9 1000
4 16 0
4 11 1664
4 5 2964
4 6 1594
4 14 1000
4 17 3691
4 19 412
4 0 500
11 3 0
11 9 1859
11 16 1000
11 4 2719
11 5 0
11 6 1781
11 14 0
11 17 0
11 19 402
11 0 2999
5 3 413
5 9 0
5 16 1760
5 4 2670
5 11 2340
5 6 2368
5 14 1016
5 17 1260
5 19 319
5 0 1000
6 3 840
6 9 1997
6 16 1497
6 4 997
6 11 838
6 5 497
6 14 415
6 17 2497
6 19 2686
6 0 1322
14 3 3500
14 9 6707
14 16 2500
14 4 495
14 11 0
14 5 3417
14 6 995
14 17 4383
14 19 1000
14 0 0
17 3 5258
17 9 5133
17 16 4000
17 4 1578
17 11 1500
17 5 718
17 6 7578
17 14 1000
17 19 0
17 0 3649
19 3 0
19 9 6566
19 16 0
19 4 969
19 11 517
19 5 1469
19 6 3775
19 14 0
19 17 17
19 0 3417
0 3 1934
0 9 326
0 16 4437
0 4 0
0 11 6213
0 5 0
0 6 1470
0 14 1434
0 17 2034
0 19 1439
