17 3 0
17 4 0
17 6 0
17 7 0
17 9 0
17 12 10
17 14 0
17 15 0
17 16 0
17 19 0
3 17 0
3 4 0
3 6 0
3 7 0
3 9 0
3 12 10
3 14 0
3 15 0
3 16 0
3 19 0
4 17 0
4 3 0
4 6 0
4 7 0
4 9 0
4 12 10
4 14 0
4 15 0
4 16 0
4 19 0
6 17 10
6 3 0
6 4 0
6 7 0
6 9 0
6 12 0
6 14 0
6 15 0
6 16 0
6 19 0
7 17 0
7 3 0
7 4 0
7 6 0
7 9 0
7 12 0
7 14 0
7 15 0
7 16 0
7 19 0
9 17 0
9 3 0
9 4 0
9 6 0
9 7 0
9 12 0
9 14 0
9 15 0
9 16 0
9 19 0
12 17 0
12 3 0
12 4 0
12 6 0
12 7 0
12 9 0
12 14 0
12 15 0
12 16 0
12 19 0
14 17 0
14 3 0
14 4 0
14 6 0
14 7 0
14 9 0
14 12 0
14 15 0
14 16 0
14 19 0
15 17 0
15 3 0
15 4 0
15 6 0
15 7 0
15 9 0
15 12 0
15 14 0
15 16 0
15 19 0
16 17 0
16 3 0
16 4 0
16 6 0
16 7 0
16 9 0
16 12 0
16 14 0
16 15 0
16 19 0
19 17 0
19 3 0
19 4 0
19 6 0
19 7 0
19 9 0
19 12 0
19 14 0
19 15 0
19 16 0
