21 0: 6: 21 11 22 1 4 0
21 9: 6: 21 11 22 1 8 9
21 14: 4: 21 11 13 14
21 15: 6: 21 18 19 18 16 15
21 1: 4: 21 11 22 1
21 3: 5: 21 11 13 10 3
21 17: 3: 21 18 17
21 19: 3: 21 18 19
21 2: 5: 21 11 13 10 2
21 4: 5: 21 11 22 1 4
0 21: 6: 0 4 1 22 11 21
0 9: 4: 0 5 12 9
0 14: 4: 0 2 10 14
0 15: 5: 0 4 1 22 15
0 1: 3: 0 4 1
0 3: 3: 0 2 3
0 17: 7: 0 2 10 20 19 18 17
0 19: 5: 0 2 10 20 19
0 2: 2: 0 2
0 4: 2: 0 4
9 21: 6: 9 8 1 22 11 21
9 0: 4: 9 8 5 0
9 14: 7: 9 8 5 0 2 10 14
9 15: 5: 9 8 1 22 15
9 1: 3: 9 8 1
9 3: 6: 9 8 5 0 2 3
9 17: 8: 9 8 1 22 15 16 18 17
9 19: 8: 9 8 5 0 2 10 20 19
9 2: 5: 9 8 5 0 2
9 4: 4: 9 8 1 4
14 21: 4: 14 13 11 21
14 0: 4: 14 10 2 0
14 9: 7: 14 10 2 0 5 12 9
14 15: 7: 14 10 20 19 18 16 15
14 1: 6: 14 10 2 0 4 1
14 3: 3: 14 10 3
14 17: 6: 14 10 20 19 18 17
14 19: 4: 14 10 20 19
14 2: 3: 14 10 2
14 4: 5: 14 10 2 0 4
15 21: 4: 15 16 18 21
15 0: 5: 15 22 1 4 0
15 9: 5: 15 22 1 8 9
15 14: 7: 15 16 18 19 20 10 14
15 1: 3: 15 22 1
15 3: 7: 15 16 18 19 20 10 3
15 17: 4: 15 16 18 17
15 19: 4: 15 16 18 19
15 2: 7: 15 16 18 19 20 10 2
15 4: 4: 15 22 1 4
1 21: 4: 1 22 11 21
1 0: 3: 1 4 0
1 9: 3: 1 8 9
1 14: 6: 1 4 0 2 10 14
1 15: 3: 1 22 15
1 3: 5: 1 4 0 2 3
1 17: 6: 1 22 15 16 18 17
1 19: 7: 1 4 0 2 10 20 19
1 2: 4: 1 4 0 2
1 4: 2: 1 4
3 21: 5: 3 10 13 11 21
3 0: 3: 3 2 0
3 9: 6: 3 2 0 5 12 9
3 14: 3: 3 10 14
3 15: 7: 3 10 20 19 18 16 15
3 1: 5: 3 2 0 4 1
3 17: 6: 3 10 20 19 18 17
3 19: 4: 3 10 20 19
3 2: 2: 3 2
3 4: 4: 3 2 0 4
17 21: 3: 17 18 21
17 0: 7: 17 18 19 20 10 2 0
17 9: 8: 17 18 16 15 22 1 8 9
17 14: 6: 17 18 19 20 10 14
17 15: 4: 17 18 16 15
17 1: 6: 17 18 16 15 22 1
17 3: 6: 17 18 19 20 10 3
17 19: 3: 17 18 19
17 2: 6: 17 18 19 20 10 2
17 4: 7: 17 18 16 15 22 1 4
19 21: 3: 19 18 21
19 0: 5: 19 20 10 2 0
19 9: 8: 19 20 10 2 0 5 12 9
19 14: 4: 19 20 10 14
19 15: 4: 19 18 16 15
19 1: 7: 19 20 10 2 0 4 1
19 3: 4: 19 20 10 3
19 17: 3: 19 18 17
19 2: 4: 19 20 10 2
19 4: 6: 19 20 10 2 0 4
2 21: 5: 2 10 13 11 21
2 0: 2: 2 0
2 9: 5: 2 0 5 12 9
2 14: 3: 2 10 14
2 15: 7: 2 10 20 19 18 16 15
2 1: 4: 2 0 4 1
2 3: 2: 2 3
2 17: 6: 2 10 20 19 18 17
2 19: 4: 2 10 20 19
2 4: 3: 2 0 4
4 21: 5: 4 1 22 11 21
4 0: 2: 4 0
4 9: 4: 4 1 8 9
4 14: 5: 4 0 2 10 14
4 15: 4: 4 1 22 15
4 1: 2: 4 1
4 3: 4: 4 0 2 3
4 17: 7: 4 1 22 15 16 18 17
4 19: 6: 4 0 2 10 20 19
4 2: 3: 4 0 2
