0 17 71428571.42857143
0 9 71428571.42857143
0 11 71428571.42857143
0 20 71428571.42857143
0 1 71428571.42857143
0 3 71428571.42857143
0 14 71428571.42857143
0 15 71428571.42857143
0 2 71428571.42857143
0 4 71428571.42857143
17 0 71428571.42857143
17 9 71428571.42857143
17 11 71428571.42857143
17 20 71428571.42857143
17 1 71428571.42857143
17 3 71428571.42857143
17 14 71428571.42857143
17 15 71428571.42857143
17 2 71428571.42857143
17 4 71428571.42857143
9 0 71428571.42857143
9 17 71428571.42857143
9 11 71428571.42857143
9 20 71428571.42857143
9 1 71428571.42857143
9 3 71428571.42857143
9 14 71428571.42857143
9 15 71428571.42857143
9 2 71428571.42857143
9 4 71428571.42857143
11 0 71428571.42857143
11 17 71428571.42857143
11 9 71428571.42857143
11 20 71428571.42857143
11 1 71428571.42857143
11 3 71428571.42857143
11 14 71428571.42857143
11 15 71428571.42857143
11 2 71428571.42857143
11 4 71428571.42857143
20 0 71428571.42857143
20 17 71428571.42857143
20 9 71428571.42857143
20 11 71428571.42857143
20 1 71428571.42857143
20 3 71428571.42857143
20 14 71428571.42857143
20 15 71428571.42857143
20 2 71428571.42857143
20 4 71428571.42857143
1 0 71428571.42857143
1 17 71428571.42857143
1 9 71428571.42857143
1 11 71428571.42857143
1 20 71428571.42857143
1 3 71428571.42857143
1 14 71428571.42857143
1 15 71428571.42857143
1 2 71428571.42857143
1 4 71428571.42857143
3 0 71428571.42857143
3 17 71428571.42857143
3 9 71428571.42857143
3 11 71428571.42857143
3 20 71428571.42857143
3 1 71428571.42857143
3 14 71428571.42857143
3 15 71428571.42857143
3 2 71428571.42857143
3 4 71428571.42857143
14 0 71428571.42857143
14 17 71428571.42857143
14 9 71428571.42857143
14 11 71428571.42857143
14 20 71428571.42857143
14 1 71428571.42857143
14 3 71428571.42857143
14 15 71428571.42857143
14 2 71428571.42857143
14 4 71428571.42857143
15 0 71428571.42857143
15 17 71428571.42857143
15 9 71428571.42857143
15 11 71428571.42857143
15 20 71428571.42857143
15 1 71428571.42857143
15 3 71428571.42857143
15 14 71428571.42857143
15 2 71428571.42857143
15 4 71428571.42857143
2 0 71428571.42857143
2 17 71428571.42857143
2 9 71428571.42857143
2 11 71428571.42857143
2 20 71428571.42857143
2 1 71428571.42857143
2 3 71428571.42857143
2 14 71428571.42857143
2 15 71428571.42857143
2 4 71428571.42857143
4 0 71428571.42857143
4 17 71428571.42857143
4 9 71428571.42857143
4 11 71428571.42857143
4 20 71428571.42857143
4 1 71428571.42857143
4 3 71428571.42857143
4 14 71428571.42857143
4 15 71428571.42857143
4 2 71428571.42857143
